0.42746097894362045 1.4703069007162206
0.42746097894362045 2.726943962152138
0.42746097894362045 3.983581023588055
0.42746097894362045 5.240218085023972
0.42746097894362045 6.4968551464598905
2.7141316746461723 0.08011794304939825
2.7141316746461723 1.3367550044853154
2.7141316746461723 2.593392065921232
2.7141316746461723 3.8500291273571494
2.7141316746461723 5.106666188793067
0.7209344274750377 0.8536976094169668
0.7209344274750377 2.110334670852884
0.7209344274750377 3.3669717322888015
0.7209344274750377 4.623608793724719
0.7209344274750377 5.880245855160637
2.4206582261147553 0.6967272343486521
2.4206582261147553 1.9533642957845694
2.4206582261147553 3.2100013572204866
2.4206582261147553 4.466638418656403
2.4206582261147553 5.723275480092322
0.8704892476174789 1.5188287992509149
0.8704892476174789 2.775465860686832
0.8704892476174789 4.03210292212275
0.8704892476174789 5.288739983558666
0.8704892476174789 6.545377044994584
2.271103405972314 0.03159604451470382
2.271103405972314 1.2882331059506211
2.271103405972314 2.5448701673865384
2.271103405972314 3.8015072288224556
2.271103405972314 5.058144290258372
1.107148738337977 1.089371861774714
1.107148738337977 2.346008923210631
1.107148738337977 3.602645984646548
1.107148738337977 4.859283046082465
1.107148738337977 6.115920107518383
2.034443915251816 0.461052981990905
2.034443915251816 1.7176900434268223
2.034443915251816 2.9743271048627395
2.034443915251816 4.230964166298657
2.034443915251816 5.487601227734573
1.178585937286731 0.6252614120001654
1.178585937286731 1.8818984734360826
1.178585937286731 3.1385355348719997
1.178585937286731 4.395172596307917
1.178585937286731 5.651809657743835
1.9630067163030622 0.9251634317654535
1.9630067163030622 2.181800493201371
1.9630067163030622 3.438437554637288
1.9630067163030622 4.695074616073206
1.9630067163030622 5.951711677509123
1.3597039897539382 1.4564236791812315
1.3597039897539382 2.7130607406171494
1.3597039897539382 3.969697802053066
1.3597039897539382 5.226334863488984
1.3597039897539382 6.482971924924901
1.7818886638358549 0.0940011645843872
1.7818886638358549 1.3506382260203045
1.7818886638358549 2.6072752874562215
1.7818886638358549 3.8639123488921387
1.7818886638358549 5.120549410328056
1.5233116774346624 0.987568900900987
1.5233116774346624 2.2442059623369044
1.5233116774346624 3.5008430237728216
1.5233116774346624 4.757480085208739
1.5233116774346624 6.014117146644656
1.6182809761551304 0.5628559428646318
1.6182809761551304 1.8194930043005488
1.6182809761551304 3.076130065736466
1.6182809761551304 4.332767127172383
1.6182809761551304 5.589404188608301
0.0 0.0
3.141592653589793 0.0
