0.8712006611006919 0.5470099607735663
0.8712006611006919 1.3379456313803098
0.3050735356326949 0.9424777677332455
0.6523581397843695 0.9424777960769379
0.8712006611006919 1.8036470222094836
0.8712006611006919 2.594582692816227
0.30507352383321124 2.1991148291691616
0.6523581397843695 2.199114857512855
0.8712006611006919 3.0602840836454006
0.8712006611006919 -2.4319655529274424
0.3050735201869707 -2.8274333774044864
0.6523581397843695 -2.8274333882308142
0.8712006611006919 -1.9662641620982686
0.8712006611006918 -1.1753284914915254
0.30507352973295293 -1.5707962917601659
0.6523581397843695 -1.5707963267948968
0.8712006611006918 -0.7096271006623511
0.8712006611006919 0.08130856994439224
0.30507353927893555 -0.31415925453265237
0.6523581397843694 -0.31415926535897937
1.2201072007974065 0.6232323581039183
1.2201072007974065 1.2617232340499578
1.729370406062752 0.9424777960769379
1.3820857960113349 0.9424777960769379
1.9214854527923866 1.2515508888218767
1.9214854527923866 1.8900417647679162
1.4122222475270416 1.5707963267948966
1.7595068575784583 1.5707963267948966
1.2201072007974065 1.8798694195398353
1.2201072007974065 2.5183602954858753
1.729370406062752 2.199114857512855
1.3820857960113349 2.199114857512855
1.9214854527923866 2.508187950257794
1.9214854527923866 -3.1365064809757532
1.4122222475270416 2.827433388230814
1.7595068575784583 2.827433388230814
1.2201072007974065 3.1365064809757532
1.2201072007974065 -2.5081879502577946
1.7293704060627515 -2.8274333882308142
1.3820857960113349 -2.8274333882308142
1.9214854527923866 -2.5183602954858753
1.9214854527923866 -1.879869419539836
1.4122222475270416 -2.1991148575128556
1.7595068575784583 -2.1991148575128556
1.2201072007974065 -1.8900417647679169
1.2201072007974065 -1.251550888821877
1.7293704060627515 -1.5707963267948968
1.3820857960113349 -1.5707963267948968
1.9214854527923866 -1.261723234049958
1.9214854527923866 -0.6232323581039185
1.4122222475270416 -0.9424777960769382
1.7595068575784583 -0.9424777960769382
1.2201072007974065 -0.6334047033319993
1.2201072007974065 0.005086172614040377
1.7293704060627515 -0.3141592653589796
1.3820857960113349 -0.3141592653589796
1.9214854527923866 -0.005086172614040655
1.9214854527923866 0.633404703331999
1.4122222475270416 0.31415926535897926
1.7595068575784583 0.3141592653589792
2.2703919924891007 1.175328491491525
2.270391992489102 1.9662641620982682
2.8365191238568404 1.5707962917601648
2.4892345138054237 1.5707963267948963
2.270391992489102 2.4319655529274424
2.2703919924891007 -3.060284083645401
2.836519133402823 2.8274333774044864
2.489234513805424 2.827433388230814
2.2703919924891007 -2.5945826928162274
2.2703919924891007 -1.8036470222094838
2.836519129756582 -2.199114829169162
2.4892345138054237 -2.1991148575128556
2.2703919924891007 -1.3379456313803098
2.2703919924891007 -0.5470099607735665
2.8365191179570988 -0.9424777677332453
2.489234513805424 -0.9424777960769379
2.2703919924891007 -0.08130856994439256
2.2703919924891007 0.7096271006623508
2.8365191143108572 0.31415925453265214
2.4892345138054237 0.31415926535897915
