58.852 5.938
42.02 54.0
137.98 18.0
58.852 77.938
121.148 66.062
81.24 329.459
98.76 318.541
21.41 342.
98.76 77.459
158.585 306.
58.852 30.062
121.148 329.938
21.415 54.0
121.148 41.938
81.24 66.541
158.585 90.
42.02 270.
98.76 30.541
58.852 318.062
137.98 306.
158.585 18.
42.02 342.
81.24 41.459
58.852 293.938
98.76 293.459
98.76 5.459
81.24 282.541
81.24 354.541
121.148 282.062
121.148 354.062
81.24 185.459
81.24 257.459
98.76 174.541
121.148 257.938
121.148 185.938
158.585 162.
21.415 270.
81.24 138.541
58.852 246.062
98.76 246.541
137.98 90.
121.148 210.062
58.852 221.938
98.76 149.459
137.98 234.
42.02 198.
21.415 126.
121.148 138.062
58.852 149.938
81.24 113.459
81.24 210.541
21.415 198.
137.98 162.
98.76 221.459
158.585 234.
58.852 174.062
58.852 102.062
98.76 102.541
42.02 126.
121.148 113.938
