1.926127 -0.775718
1.926127 2.365875
1.215466 -2.365875
1.215466 0.775718
2.286948 2.050143
2.286948 -1.091450
0.854645 1.091450
0.854645 -2.050143
0.837502 -2.654279
0.837502 0.487313
2.304091 -0.487313
2.304091 2.654279
2.130119 0.467057
2.130119 -2.674536
1.011474 2.674536
1.011474 -0.467057
1.179218 2.182257
1.179218 -0.959336
1.962374 0.959336
1.962374 -2.182257
0.712342 -0.947261
0.712342 2.194331
2.429250 -2.194331
2.429250 0.947261
1.722208 0.589146
1.722208 -2.552447
1.419385 2.552447
1.419385 -0.589146
0.989278 1.752294
0.989278 -1.389299
2.152315 1.389299
2.152315 -1.752294
0.606051 -0.267990
0.606051 2.873603
2.535541 -2.873603
2.535541 0.267990
1.028327 0.048072
1.028327 -3.093521
2.113266 3.093521
2.113266 -0.048072
1.529630 1.027816
1.529630 -2.113777
1.611962 2.113777
1.611962 -1.027816
0.544383 1.491247
0.544383 -1.650346
2.597210 1.650346
2.597210 -1.491247
1.355700 0.379953
1.355700 -2.761640
1.785893 2.761640
1.785893 -0.379953
1.200029 1.339743
1.200029 -1.801849
1.941563 1.801849
1.941563 -1.339743
0.434023 0.532352
0.434023 -2.609241
2.707569 2.609241
2.707569 -0.532352
1.732982 0.127589
1.732982 -3.014004
1.408610 3.014004
1.408610 -0.127589
1.444891 1.734288
1.444891 -1.407305
1.696702 1.407305
1.696702 -1.734288
0.206010 -0.909828
0.206010 2.231765
2.935583 -2.231765
2.935583 0.909828
